100
0,0,0,0,0,0,0,0,0,0,0,0,0,0,0,0,0,0
700
0,0,44,-77,0,-21,0,0,0,0,0,44,-77,0,-21,0,0,0
500
0,0,44,-77,0,-21,0,0,0,71,0,44,-77,0,-21,0,0,0
500
0,0,44,-77,0,-21,0,0,0,71,0,0,-77,0,-21,0,0,0
500
0,0,44,-77,0,-21,0,0,0,71,0,44,-77,0,-21,0,0,0
500
0,0,44,-77,0,-21,0,0,0,71,0,0,-77,0,-21,0,0,0
600
0,0,44,-77,0,-21,0,0,0,71,0,44,-77,0,-21,0,0,0
700
0,0,44,-77,0,-21,0,0,0,0,0,44,-77,0,-21,0,0,0
1000
0,0,44,-77,0,-21,0,0,0,0,0,44,-77,0,-21,0,0,0
1000
0,0,44,-77,0,-21,0,0,0,0,0,44,-77,0,-21,0,0,0
1000
0,0,0,0,0,0,0,0,0,0,0,0,0,0,0,0,0,0
