100
0,0,0,0,0,0,0,0,0,0,0,0,0,0,0,0,0,0
160
-1,0,11,-11,-14,0,0,0,-14,0,0,11,-11,14,0,0,0,14
220
0,0,11,-11,-12,0,0,0,-14,0,0,11,-11,15,26,-60,29,14
220
14,0,11,-11,-14,0,0,0,-10,-18,0,11,-11,14,38,-40,2,10
380
28,0,11,-11,14,1,-16,22,14,-14,0,11,-11,-14,25,-29,9,-14
180
0,0,11,-11,15,26,-60,29,14,0,0,11,-11,-12,0,0,0,-14
220
-18,0,11,-11,14,38,-40,2,10,14,0,11,-11,-14,0,0,0,-10
360
-14,0,11,-11,0,25,-29,9,0,28,0,11,-11,0,1,-16,22,0
600
-14,0,11,-11,0,62,-81,22,0,28,0,11,-11,0,29,-82,54,0
800
62,0,31,-2,0,41,-81,22,0,62,0,31,-2,0,9,-82,54,0
1400
62,0,31,-2,0,41,-81,22,0,62,0,31,-2,0,9,-82,54,0
800
-14,0,11,-11,-14,25,-29,9,-14,28,0,11,-11,14,1,-16,22,14
200
0,0,11,-11,-12,0,0,0,-14,0,0,11,-11,15,26,-60,29,14
580
0,0,0,0,0,0,0,0,0,0,0,0,0,0,0,0,0,0
