100
0,0,0,0,0,0,0,0,0,0,0,0,0,0,0,0,0,0
500
70,0,0,0,0,0,0,0,0,70,0,0,0,0,0,0,0,0
220
70,0,0,-46,0,0,0,0,0,70,0,0,-46,0,0,0,0,0
220
70,0,-12,-46,0,0,0,0,0,70,0,-12,-46,0,0,0,0,0
220
70,0,3,-46,0,0,0,0,0,70,0,3,-46,0,0,0,0,0
220
70,0,-12,-46,0,0,0,0,0,70,0,-12,-46,0,0,0,0,0
220
70,0,3,-46,0,0,0,0,0,70,0,3,-46,0,0,0,0,0
220
70,0,-12,-46,0,0,0,0,0,70,0,-12,-46,0,0,0,0,0
220
70,0,3,-46,0,0,0,0,0,70,0,3,-46,0,0,0,0,0
220
70,0,-12,-46,0,0,0,0,0,70,0,-12,-46,0,0,0,0,0
220
70,0,3,-46,0,0,0,0,0,70,0,3,-46,0,0,0,0,0
220
70,0,-12,-46,0,0,0,0,0,70,0,-12,-46,0,0,0,0,0
220
70,0,3,-46,0,0,0,0,0,70,0,3,-46,0,0,0,0,0
220
70,0,-12,-46,0,0,0,0,0,70,0,-12,-46,0,0,0,0,0
220
70,0,3,-46,0,0,0,0,0,70,0,3,-46,0,0,0,0,0
220
70,0,-12,-46,0,0,0,0,0,70,0,-12,-46,0,0,0,0,0
220
70,0,3,-46,0,0,0,0,0,70,0,3,-46,0,0,0,0,0
220
70,0,-12,-46,0,0,0,0,0,70,0,-12,-46,0,0,0,0,0
400
70,0,16,-20,0,0,0,0,0,70,0,16,-20,0,0,0,0,0
800
0,0,0,0,0,0,0,0,0,0,0,0,0,0,0,0,0,0
