100
0,0,0,0,0,0,0,0,0,0,0,0,0,0,0,0,0,0
200
0,0,32,-55,0,0,0,0,0,0,0,32,-55,0,0,0,0,0
200
0,0,32,-55,2,0,0,0,6,0,0,32,-55,-2,0,0,0,-6
200
0,0,32,-55,3,18,-35,15,3,0,0,32,-55,-3,0,0,-1,-7
200
0,0,32,-55,16,11,-21,8,12,0,0,32,-55,-3,0,0,-1,-4
200
0,0,32,-55,15,17,-30,15,9,0,0,32,-55,-1,9,-12,5,6
200
0,0,32,-55,3,9,-12,5,6,0,0,32,-55,3,9,-12,5,6
400
0,0,62,-55,3,52,-86,43,6,0,0,62,-55,3,52,-94,50,6
400
0,0,32,-55,3,9,-12,5,6,0,0,32,-55,3,9,-12,5,6
400
0,0,62,-55,3,52,-86,43,6,0,0,62,-55,3,52,-94,50,6
400
0,0,32,-55,3,9,-12,5,6,0,0,32,-55,3,9,-12,5,6
200
0,0,32,-55,-8,8,-12,5,-8,0,0,32,-55,18,5,-1,-4,20
200
0,0,32,-55,-3,8,-12,5,-5,0,0,32,-55,3,21,-40,19,9
200
0,0,32,-55,0,0,0,0,0,0,0,32,-55,0,0,0,0,0
200
0,0,0,0,0,0,0,0,0,0,0,0,0,0,0,0,0,0
