100
0,0,0,0,0,0,0,0,0,0,0,0,0,0,0,0,0,0
440
0,0,0,0,0,0,0,0,0,0,0,0,0,0,0,0,0,0
220
0,0,0,0,8,15,-38,19,8,0,0,0,0,-10,0,0,0,-10
400
20,0,0,0,8,-10,-11,22,8,-14,0,0,0,-10,12,-12,2,-10
400
20,0,62,-55,8,56,-93,41,8,-14,0,62,-55,-10,55,-88,35,-10
400
20,0,0,0,8,-1,-11,15,8,-14,0,0,0,-10,12,-12,2,-10
400
20,0,62,-55,8,56,-93,41,8,-14,0,62,-55,-10,55,-88,35,-10
400
20,0,0,0,8,-10,-11,22,8,-14,0,0,0,-10,12,-12,2,-10
200
7,0,0,0,-8,0,0,0,-8,-6,0,0,0,10,37,-34,-1,12
200
0,0,0,0,-8,0,0,0,-9,0,0,0,0,10,10,-29,15,15
200
0,0,0,0,-8,0,0,0,-8,0,0,0,0,10,0,0,0,10
440
0,0,0,0,0,0,0,0,0,0,0,0,0,0,0,0,0,0
