100
0,0,0,0,0,0,0,0,0,0,0,0,0,0,0,0,0,0
180
-1,0,0,2,-3,0,0,0,0,0,0,0,2,2,0,0,0,-1
180
0,0,2,3,-12,-13,0,11,-14,0,0,2,3,15,26,-60,29,14
100
14,0,3,1,-14,-12,0,13,-10,-18,0,5,2,14,53,-51,2,10
120
14,0,4,2,5,-24,-9,36,8,-18,0,0,3,-5,32,-43,17,-5
180
0,0,2,-3,15,26,-60,29,14,0,0,2,-3,-12,-13,0,11,-14
100
-18,0,5,-2,14,53,-51,2,10,14,0,3,-1,-14,-12,0,13,-10
120
-18,0,0,-3,-5,32,-43,17,-5,14,0,4,-2,5,-24,-9,36,8
180
0,0,2,3,-12,-13,0,11,-14,0,0,2,3,15,26,-60,29,14
100
14,0,3,1,-14,-12,0,13,-10,-18,0,5,2,14,53,-51,2,10
120
14,0,4,2,5,-24,-9,36,8,-18,0,0,3,-5,32,-43,17,-5
180
0,0,2,-3,15,26,-60,29,14,0,0,2,-3,-12,-13,0,11,-14
100
-18,0,5,-2,14,53,-51,2,10,14,0,3,-1,-14,-12,0,13,-10
120
-18,0,0,-3,-5,32,-43,17,-5,14,0,4,-2,5,-24,-9,36,8
120
0,0,2,-3,-4,0,0,0,-8,0,0,0,7,8,10,-24,8,8
180
0,0,0,0,0,0,0,0,0,0,0,0,0,0,0,0,0,0
