100
0,0,0,0,0,0,0,0,0,0,0,0,0,0,0,0,0,0
380
11,0,0,0,-5,0,0,0,-15,-8,0,11,0,6,0,0,0,15
360
-19,5,11,-14,-5,0,0,0,-16,28,0,11,8,13,26,-91,26,12
340
-19,18,15,-14,-5,0,0,2,-15,28,0,11,8,13,-38,-78,26,12
340
-19,18,15,-14,-5,0,0,2,-14,28,0,11,8,13,-38,-78,26,12
140
34,0,9,-5,-5,0,-42,28,-17,-47,0,11,-7,13,34,-86,-2,12
180
61,-12,2,-5,-5,0,-57,32,-16,-42,0,19,-13,12,71,-24,21,-1
480
61,-12,2,-5,-5,0,-57,32,-15,-42,0,19,-13,12,71,-24,21,-1
480
37,-12,14,-23,-5,22,-57,32,-15,-42,11,19,-13,8,46,-85,-25,-1
540
-19,5,14,-14,-5,5,0,0,-13,28,0,4,12,5,26,-47,11,12
360
0,0,0,0,0,0,0,0,0,0,0,0,0,0,0,0,0,0
