100
0,0,0,0,0,0,0,0,0,0,0,0,0,0,0,0,0,0
200
0,0,0,0,-9,0,0,0,-10,0,0,0,0,8,0,0,0,9
200
15,0,3,0,-13,0,0,0,-19,-13,0,7,0,25,44,-81,33,8
200
15,0,3,0,0,9,-32,20,-17,-13,33,7,0,25,53,-44,-11,42
200
15,0,3,0,0,9,-32,20,-17,-13,33,7,0,25,53,4,-11,42
200
15,-49,3,0,-23,-2,-12,-3,-13,-13,8,7,0,-6,71,-44,-11,42
440
15,-49,3,0,-23,-2,-12,-3,-13,-13,8,7,0,-6,71,-44,-11,42
200
15,-44,3,0,6,8,-26,5,-4,-13,13,7,0,-6,53,-44,-11,42
200
15,-44,3,0,6,8,-26,5,-4,-13,13,7,0,4,53,-83,19,10
300
0,0,0,0,0,0,0,0,0,0,0,0,0,0,0,0,0,0
