100
0,0,0,0,0,0,0,0,0,0,0,0,0,0,0,0,0,0
200
0,0,0,0,8,0,0,0,9,0,0,0,0,-9,0,0,0,-10
200
-13,0,7,0,25,44,-81,33,8,15,0,3,0,-13,0,0,0,-19
200
-13,33,7,0,25,53,-44,-11,42,15,0,3,0,0,9,-32,20,-17
200
-13,33,7,0,25,53,4,-11,42,15,0,3,0,0,9,-32,20,-18
200
-13,8,7,0,-6,71,-44,-11,42,15,-49,3,0,-23,-2,-12,-3,-14
440
-13,8,7,0,-6,71,-44,-11,42,15,-49,3,0,-23,-2,-12,-3,-14
200
-13,13,7,0,-6,53,-44,-11,42,15,-44,3,0,6,8,-26,5,-7
200
-13,13,7,0,4,2,-31,19,10,15,-44,3,0,6,8,-26,5,-7
300
0,0,0,0,0,0,0,0,0,0,0,0,0,0,0,0,0,0
