100
0,0,0,0,0,0,0,0,0,0,0,0,0,0,0,0,0,0
600
0,0,32,-55,11,0,0,0,9,0,0,32,-55,-11,0,0,0,-9
600
0,0,32,-55,-11,0,0,0,-9,0,0,32,-55,11,0,0,0,9
600
0,0,32,-55,11,0,0,0,9,0,0,32,-55,-11,0,0,0,-9
600
0,0,32,-55,-11,0,0,0,-9,0,0,32,-55,11,0,0,0,9
600
0,0,32,-55,11,0,0,0,9,0,0,32,-55,-11,0,0,0,-9
600
0,0,32,-55,-11,0,0,0,-9,0,0,32,-55,11,0,0,0,9
600
0,0,32,-55,11,0,0,0,9,0,0,32,-55,-11,0,0,0,-9
600
0,0,32,-55,-11,0,0,0,-9,0,0,32,-55,11,0,0,0,9
600
0,0,32,-55,11,0,0,0,9,0,0,32,-55,-11,0,0,0,-9
600
0,0,64,56,-11,0,0,0,-9,0,0,32,-55,11,0,0,0,9
580
0,0,32,-55,10,-17,0,12,10,0,0,32,-55,-9,-15,0,13,-8
580
0,0,32,-55,10,11,0,-8,8,0,0,32,-55,-9,13,0,-9,-8
580
0,0,32,-55,-11,11,0,-8,-10,0,0,32,-55,11,13,0,-9,12
580
0,0,32,-55,-11,-17,0,12,-10,0,0,32,-55,11,-15,0,13,12
580
0,0,74,30,10,-17,0,12,10,0,0,32,5,-9,-15,0,13,-8
580
0,0,27,9,10,11,0,-8,8,0,0,76,31,-9,13,0,-9,-8
580
0,0,74,30,-11,11,0,-8,-10,0,0,32,5,11,13,0,-9,12
580
0,0,27,9,-11,-17,0,12,-10,0,0,76,31,11,-15,0,13,12
600
0,0,0,0,0,0,0,0,0,0,0,0,0,0,0,0,0,0
