100
0,0,0,0,0,0,0,0,0,0,0,0,0,0,0,0,0,0
880
-44,14,10,-48,-13,5,-30,28,-16,-44,15,10,-48,22,40,-70,21,19
740
-42,21,25,-12,-3,58,-35,18,-14,-44,14,32,-4,20,-18,6,3,-7
560
-42,23,33,-7,3,58,6,-13,-11,-44,14,27,-2,20,-18,6,3,-7
640
-1,24,64,5,-1,58,6,-11,-13,0,14,82,-2,20,-18,6,3,-7
860
-1,23,64,5,-1,58,6,-13,-14,0,14,79,-2,20,-18,6,3,-7
640
-42,9,30,-9,-3,58,-60,35,-14,-44,14,30,-12,20,-18,6,3,-7
760
-44,14,10,-48,-13,5,-30,28,-16,-44,15,10,-48,22,40,-70,21,19
760
0,0,0,0,0,0,0,0,0,0,0,0,0,0,0,0,0,0
