360
0,0,0,0,0,0,0,0,0,0,0,0,0,0,0,0,0,0
1000
-42,15,-2,-36,21,36,-43,-1,17,-44,14,-3,-40,-13,0,-4,7,-18
300
-42,-6,-2,-36,0,64,-43,-1,-2,-44,-5,-3,-40,-13,-36,-5,23,-18
480
-1,0,64,51,-23,61,-32,-30,-21,0,3,61,44,-21,-34,-12,45,-21
320
-1,-10,64,51,-21,64,-37,-6,-21,0,9,61,44,-20,-34,-11,25,-20
440
-1,-10,64,51,-21,64,-37,-6,-21,0,9,61,44,-20,-34,-11,25,-20
380
-49,5,-8,14,-22,62,-54,14,-21,55,0,-13,31,-6,-21,7,5,-5
420
-49,5,-8,14,-22,41,0,-5,-21,55,0,-13,31,18,-21,7,5,-5
380
-18,5,2,1,-4,32,-34,13,-11,7,0,-5,12,7,42,-38,8,1
360
0,0,0,0,0,0,0,0,0,0,0,0,0,0,0,0,0,0
