100
0,0,0,0,0,0,0,0,0,0,0,0,0,0,0,0,0,0
800
58,0,51,0,0,0,0,0,0,57,0,55,0,0,0,0,0,0
400
58,0,51,0,0,0,0,0,0,57,0,55,0,0,0,0,0,0
800
57,0,30,-35,0,0,0,0,0,57,0,30,-35,0,0,0,0,0
800
57,0,30,-35,0,0,0,0,0,57,0,30,-35,0,0,0,0,0
400
57,0,30,-35,0,0,0,0,0,57,0,30,3,0,0,0,0,0
300
57,0,30,-35,0,0,0,0,0,57,0,30,-52,0,0,0,0,0
300
57,0,30,-35,0,0,0,0,0,57,0,30,3,0,0,0,0,0
300
57,0,30,-35,0,0,0,0,0,57,0,30,-52,0,0,0,0,0
600
57,0,30,-35,0,0,0,0,0,57,0,30,-52,0,0,0,0,0
600
57,0,30,-24,0,0,0,0,0,57,0,30,-24,0,0,0,0,0
1000
0,0,0,0,0,0,0,0,0,0,0,0,0,0,0,0,0,0
