100
0,0,0,0,0,0,0,0,0,0,0,0,0,0,0,0,0,0
160
-1,0,11,-11,-14,0,0,0,-14,0,0,11,-11,14,0,0,0,14
360
0,0,11,-11,-12,0,0,0,-14,0,0,11,-11,15,26,-60,29,14
360
-14,0,11,-11,-14,16,-9,0,-14,28,0,11,-11,14,1,-16,18,14
360
-18,0,11,-11,15,38,-40,2,15,14,0,11,-11,-14,0,0,0,-10
180
0,0,11,-11,15,26,-60,29,14,0,0,11,-11,-14,0,0,0,-14
360
28,0,11,-11,14,1,-16,18,14,-14,0,11,-11,-14,16,-9,0,-14
360
14,0,11,-11,-14,0,0,0,-10,-18,0,11,-11,15,38,-40,2,15
180
0,0,11,-11,-12,0,0,0,-14,0,0,11,-11,15,26,-60,29,14
340
0,0,0,0,0,0,0,0,0,0,0,0,0,0,0,0,0,0
