700
62,0,-1,-24,0,0,0,0,0,62,0,-1,-24,0,0,0,0,0
160
62,0,-1,-24,-14,0,0,0,-14,62,0,-1,-24,14,0,0,0,14
180
62,0,-1,-24,-12,0,0,0,-14,62,0,-1,-24,15,26,-60,29,14
220
62,0,-1,-24,-14,0,0,0,-10,62,0,-1,-24,14,38,-40,2,10
380
62,0,-1,-24,14,1,-16,22,14,62,0,-1,-24,-14,25,-29,9,-14
180
62,0,-1,-24,15,26,-60,29,14,62,0,-1,-24,-12,0,0,0,-14
220
62,0,-1,-24,14,38,-40,2,10,62,0,-1,-24,-14,0,0,0,-10
360
62,0,-1,-24,-14,25,-29,9,-14,62,0,-1,-24,14,1,-16,22,14
180
62,0,-1,-24,-12,0,0,0,-14,62,0,-1,-24,15,26,-60,29,14
580
62,0,-1,-24,0,0,0,0,0,62,0,-1,-24,0,0,0,0,0
