700
62,0,-1,-24,0,0,0,0,0,62,0,-1,-24,0,0,0,0,0
160
62,0,-1,-24,-14,0,0,0,-14,62,0,-1,-24,14,0,0,0,14
400
62,0,-1,-24,-12,0,0,0,-14,62,0,-1,-24,15,26,-60,29,14
400
62,-23,-1,-24,-3,0,0,-7,-11,62,0,-1,-24,16,16,-28,13,24
400
62,-23,-1,-24,7,0,0,-3,15,62,0,-1,-24,-1,6,-6,3,-3
400
62,-23,-1,-24,12,22,-45,20,19,62,0,-1,-24,-5,6,-6,3,-10
400
62,-3,-1,-24,12,22,-45,20,19,62,0,-1,-24,-5,6,-6,3,-10
380
62,0,-1,-24,-6,0,0,-2,-9,62,0,-1,-24,6,2,0,1,10
280
62,0,-1,-24,-12,0,0,0,-14,62,0,-1,-24,15,26,-60,29,14
580
62,0,-1,-24,0,0,0,0,0,62,0,-1,-24,0,0,0,0,0
