700
62,0,-1,-24,0,0,0,0,0,62,0,-1,-24,0,0,0,0,0
160
62,0,-1,-24,-14,0,0,0,-14,62,0,-1,-24,14,0,0,0,14
400
62,0,-1,-24,-12,0,0,0,-14,62,0,-1,-24,15,26,-60,29,14
400
62,26,-1,-24,-12,0,0,4,-13,62,0,-1,-24,16,22,-44,21,24
360
62,26,-1,-24,8,0,0,-4,16,62,0,-1,-29,-3,12,-23,15,-9
500
62,26,-1,-24,2,32,-46,4,16,62,0,-1,-24,-3,12,-23,13,-13
220
62,1,-1,-24,6,27,-46,17,26,62,0,-1,-24,-3,12,-23,12,-13
280
62,0,-1,-24,0,0,0,0,0,62,0,-1,-24,0,0,0,0,0
320
62,0,-1,-24,-12,0,0,0,-15,62,0,-1,-24,12,0,0,0,16
580
62,0,-1,-24,0,0,0,0,0,62,0,-1,-24,0,0,0,0,0
