700
62,0,-1,-24,0,0,0,0,0,62,0,-1,-24,0,0,0,0,0
160
62,0,-1,-24,-14,0,0,0,-14,62,0,-1,-24,14,0,0,0,14
360
62,0,-1,-24,-12,0,0,0,-14,62,0,-1,-24,15,26,-60,29,14
360
62,0,-1,-24,-14,16,-9,0,-14,62,0,-1,-24,14,1,-16,18,14
360
62,0,-1,-24,15,38,-40,2,15,62,0,-1,-24,-14,0,0,0,-10
180
62,0,-1,-24,15,26,-60,29,14,62,0,-1,-24,-14,0,0,0,-14
360
62,0,-1,-24,14,1,-16,18,14,62,0,-1,-24,-14,16,-9,0,-14
360
62,0,-1,-24,-14,0,0,0,-10,62,0,-1,-24,15,38,-40,2,15
180
62,0,-1,-24,-12,0,0,0,-14,62,0,-1,-24,15,26,-60,29,14
580
62,0,-1,-24,0,0,0,0,0,62,0,-1,-24,0,0,0,0,0
