100
0,0,0,0,0,0,0,0,0,0,0,0,0,0,0,0,0,0
360
-44,14,15,-24,-13,3,-9,9,-14,-44,-6,15,-22,14,8,-16,9,19
360
-44,14,10,-48,-13,5,-30,28,-16,-44,15,10,-48,22,40,-70,21,19
240
-44,14,10,-48,4,9,-30,22,7,-44,15,10,-48,0,9,-31,23,4
280
-44,13,10,-48,21,-8,-15,31,28,-44,15,10,-48,-8,35,-73,43,-10
360
-44,15,10,-48,22,40,-70,21,19,-44,14,10,-48,-13,5,-30,28,-16
240
-44,15,10,-48,0,9,-31,23,4,-44,14,10,-48,4,9,-30,22,7
280
-44,15,10,-48,-8,35,-73,43,-10,-44,13,10,-48,21,-8,-15,31,28
360
-44,14,10,-48,-13,5,-30,28,-16,-44,15,10,-48,22,40,-70,21,19
400
0,0,0,0,0,0,0,0,0,0,0,0,0,0,0,0,0,0
