100
0,0,0,0,0,0,0,0,0,0,0,0,0,0,0,0,0,0
160
-1,0,11,-11,-14,0,0,0,-14,0,0,11,-11,14,0,0,0,14
400
0,0,11,-11,-12,0,0,0,-14,0,0,11,-11,15,26,-60,29,14
400
0,-23,8,-8,-3,0,0,-7,-11,0,0,13,-9,16,16,-28,13,24
400
0,-23,8,-8,7,0,0,-3,15,0,0,13,-9,-1,6,-6,3,-3
400
0,-23,8,-8,12,22,-45,20,19,0,0,13,-9,-5,6,-6,3,-10
400
0,-3,8,-8,12,22,-45,20,19,0,0,13,-9,-5,6,-6,3,-10
380
0,0,3,0,-6,0,0,-2,-9,0,0,12,-12,6,2,0,1,10
280
0,0,11,-11,-12,0,0,0,-14,0,0,11,-11,15,26,-60,29,14
580
0,0,0,0,0,0,0,0,0,0,0,0,0,0,0,0,0,0
