100
0,0,0,0,0,0,0,0,0,0,0,0,0,0,0,0,0,0
480
-44,-14,10,-7,5,5,-30,21,7,-44,-15,10,-5,5,4,-30,22,7
360
-44,-14,10,-48,-13,5,-30,21,-16,-44,-15,10,-48,23,-7,-19,50,29
260
-44,-21,10,-48,-13,5,-30,21,-18,-44,-12,10,-48,17,-26,-20,40,29
420
-44,-10,17,-66,19,0,-17,18,27,-42,-33,20,-61,-11,16,-56,33,-15
500
-44,-12,10,-48,17,-25,-20,40,29,-44,-21,10,-48,-13,4,-30,22,-18
420
-44,-33,17,-66,-11,17,-56,33,-15,-42,-10,20,-61,19,0,-17,19,26
500
-44,-21,10,-48,-13,5,-30,21,-18,-44,-12,10,-48,17,-26,-20,40,29
260
0,0,0,0,0,0,0,0,0,0,0,0,0,0,0,0,0,0
