1000
0,0,0,0,0,0,0,0,0,0,0,0,0,0,0,0,0,0
220
0,0,0,0,0,11,-51,58,0,0,0,0,0,0,20,-64,66,0
320
0,0,0,0,0,-9,8,61,0,0,0,0,0,0,-3,-2,66,0
540
7,0,63,-13,0,21,8,61,0,6,0,53,-4,0,26,-2,66,0
520
69,0,101,-56,0,11,8,61,0,75,0,104,-47,0,20,-2,66,0
800
65,0,-3,0,0,66,-67,61,0,71,0,-6,-6,0,69,-69,59,0
360
65,-20,-3,-3,0,82,-25,32,-14,71,19,-6,-6,0,69,-69,59,18
320
64,-27,-3,-3,0,79,-3,2,-30,69,31,-6,-4,0,82,-60,51,30
540
69,-27,-6,0,0,79,3,-17,-27,69,19,-6,0,12,-13,4,-34,0
460
60,-7,-1,0,0,79,-10,-25,-15,65,0,-6,-4,0,-41,4,-3,-4
520
40,0,6,-3,0,48,-14,-11,-13,37,0,8,-6,7,56,-76,28,31
620
0,0,0,0,0,0,0,0,0,0,0,0,0,0,0,0,0,0
