100
0,0,0,0,0,0,0,0,0,0,0,0,0,0,0,0,0,0
300
20,10,10,0,0,-11,0,11,0,-20,0,10,0,4,27,-45,20,1
300
0,10,10,0,0,32,-64,32,20,0,0,10,0,0,20,-40,22,-13
300
-20,10,10,0,0,11,0,-11,0,20,10,10,0,4,27,-45,20,1
300
-20,0,10,0,4,27,-45,20,1,20,10,10,0,0,-11,0,11,0
900
-20,0,10,0,10,62,-97,36,10,20,10,10,0,-10,37,-97,60,-10
1500
70,0,10,0,10,42,-97,36,10,70,10,10,0,-10,17,-97,60,-10
1800
70,0,10,0,10,42,-97,36,10,70,10,10,0,-10,17,-97,60,-10
1500
-20,0,10,0,10,62,-97,36,10,20,10,10,0,-10,37,-97,60,-10
1500
0,10,0,0,0,0,0,0,0,0,0,0,0,0,0,0,0,0
500
0,0,0,0,0,0,0,0,0,0,0,0,0,0,0,0,0,0