100
0,0,0,0,0,0,0,0,0,0,0,0,0,0,0,0,0,0
400
-20,10,10,0,0,11,0,-11,0,20,10,10,0,4,27,-39,20,1
400
0,10,10,0,0,32,-55,32,20,0,0,10,0,0,19,-32,19,-13
400
20,10,10,0,0,-11,0,11,0,-20,0,10,0,4,25,-35,15,1
400
20,10,10,0,4,27,-39,20,1,-20,10,10,0,0,11,0,-11,0
400
0,0,0,0,0,19,-32,19,-13,0,10,0,0,0,32,-55,32,20
400
0,0,30,-30,-8,38,-48,18,-3,0,10,30,-30,8,13,-39,32,8
400
0,0,0,0,0,19,-32,19,-13,0,10,0,0,0,32,-55,32,20
400
0,0,30,-30,-8,38,-48,18,-3,0,10,30,-30,8,13,-39,32,8
400
0,0,0,0,0,19,-32,19,-13,0,10,0,0,0,32,-55,32,20
400
-20,0,0,0,4,25,-35,15,1,20,10,0,0,0,-11,0,11,0
500
0,0,0,0,0,0,0,0,0,0,0,0,0,0,0,0,0,0