100
0,0,0,0,0,0,0,0,0,0,0,0,0,0,0,0,0,0
600
0,-20,20,-20,0,36,-61,36,0,0,20,20,-20,0,36,-61,36,0
600
0,0,0,0,0,0,0,0,0,0,0,0,0,0,0,0,0,0
600
0,20,20,-20,0,36,-61,36,0,0,-20,20,-20,0,36,-61,36,0
600
0,0,0,0,0,0,0,0,0,0,0,0,0,0,0,0,0,0
600
40,-20,20,-20,0,36,-61,36,0,80,20,20,-20,0,36,-61,36,0
600
80,20,20,-20,0,36,-61,36,0,40,-20,20,-20,0,36,-61,36,0
600
40,-20,20,-20,0,36,-61,36,0,80,20,20,-20,0,36,-61,36,0
600
80,20,20,-20,0,36,-61,36,0,40,-20,20,-20,0,36,-61,36,0
500
0,0,0,0,0,0,0,0,0,0,0,0,0,0,0,0,0,0