100
0,0,0,0,0,0,0,0,0,0,0,0,0,0,0,0,0,0
600
85,0,0,0,0,0,0,0,0,85,0,0,0,0,0,0,0,0
200
85,0,-20,-50,0,0,0,0,0,85,0,-20,-50,0,0,0,0,0
200
85,0,0,-50,0,0,0,0,0,85,0,0,-50,0,0,0,0,0
200
85,0,-20,-50,0,0,0,0,0,85,0,-20,-50,0,0,0,0,0
200
85,0,0,-50,0,0,0,0,0,85,0,0,-50,0,0,0,0,0
200
85,0,-20,-50,0,0,0,0,0,85,0,-20,-50,0,0,0,0,0
200
85,0,0,-50,0,0,0,0,0,85,0,0,-50,0,0,0,0,0
200
85,0,-20,-50,0,0,0,0,0,85,0,-20,-50,0,0,0,0,0
200
85,0,0,-50,0,0,0,0,0,85,0,0,-50,0,0,0,0,0
200
85,0,-20,-50,0,0,0,0,0,85,0,-20,-50,0,0,0,0,0
200
85,0,0,-50,0,0,0,0,0,85,0,0,-50,0,0,0,0,0
200
85,0,-20,-50,0,0,0,0,0,85,0,-20,-50,0,0,0,0,0
200
85,0,0,-50,0,0,0,0,0,85,0,0,-50,0,0,0,0,0
200
85,0,-20,-50,0,0,0,0,0,85,0,-20,-50,0,0,0,0,0
200
85,0,0,-50,0,0,0,0,0,85,0,0,-50,0,0,0,0,0
200
85,0,-20,-50,0,0,0,0,0,85,0,-20,-50,0,0,0,0,0
200
85,0,0,-50,0,0,0,0,0,85,0,0,-50,0,0,0,0,0
500
0,0,0,0,0,0,0,0,0,0,0,0,0,0,0,0,0,0