100
0,0,0,0,0,0,0,0,0,0,0,0,0,0,0,0,0,0
160
-1,0,11,-11,-14,0,0,0,-14,0,0,11,-11,14,0,0,0,14
220
0,0,11,-11,-12,0,0,0,-14,0,0,11,-11,15,26,-60,29,14
220
14,0,11,-11,-14,0,0,0,-10,-18,0,11,-11,14,38,-40,2,10
380
28,0,11,-11,14,1,-16,22,14,-14,0,11,-11,-14,25,-29,9,-14
180
0,0,11,-11,15,26,-60,29,14,0,0,11,-11,-12,0,0,0,-14
220
-18,0,11,-11,14,38,-40,2,10,14,0,11,-11,-14,0,0,0,-10
360
-14,0,11,-11,-14,25,-29,9,-14,28,0,11,-11,14,1,-16,22,14
180
0,0,11,-11,-12,0,0,0,-14,0,0,11,-11,15,26,-60,29,14
580
0,0,0,0,0,0,0,0,0,0,0,0,0,0,0,0,0,0
