100
0,0,0,0,0,0,0,0,0,0,0,0,0,0,0,0,0,0
160
-1,0,11,-11,-14,0,0,0,-14,0,0,11,-11,14,0,0,0,14
400
0,0,11,-11,-12,0,0,0,-14,0,0,11,-11,15,26,-60,29,14
400
0,26,8,-8,-12,0,0,4,-13,0,0,13,-9,16,22,-44,21,24
360
0,26,8,-8,8,0,0,-4,16,0,0,6,-9,-3,12,-23,15,-9
500
0,26,8,-8,2,32,-46,4,16,0,0,6,-9,-3,12,-23,13,-13
220
0,1,8,-8,6,27,-46,17,26,0,0,6,-9,-3,12,-23,12,-13
280
0,0,0,0,0,0,0,0,0,0,0,0,0,0,0,0,0,0
320
0,0,3,0,-12,0,0,0,-15,0,0,0,0,12,0,0,0,16
280
0,0,11,-11,-12,0,0,0,-14,0,0,11,-11,15,26,-60,29,14
580
0,0,0,0,0,0,0,0,0,0,0,0,0,0,0,0,0,0
